
OLD:
S: 2.3078520469347414, B: 7.897440886642396 | S/B0.2922278343150634
S: 3.7388340016055857, B: 38.96640462667229 | S/B0.09595019190059875

NEW:
S: 3.1720095822463703, B: 21.576455397766587 | S/B0.14701254324538915
S: 5.711274970050688, B: 149.35999320400666 | S/B0.03823831835778017




